Ticker,Date,Price
ACB,20160427,17.8
ACB,20160426,18
ACB,20160425,18
ACB,20160422,18.2
ACB,20160421,17.7
ACB,20160420,17.7
ACB,20160419,17.8
ACB,20160415,17.9
ACB,20160414,17.8
ACB,20160413,18.1
ACB,20160412,18.3
ACB,20160411,18.4
ACB,20160408,18.5
ACB,20160407,18.2
ACB,20160406,17.9
ACB,20160405,18
ACB,20160404,18.3
ACB,20160401,18.3
ACB,20160331,18.3
ACB,20160330,17.7
ACB,20160329,18.5
ACB,20160328,18.6
ACB,20160325,18.6
ACB,20160324,18.7
ACB,20160323,18.8
ACB,20160322,18.9
ACB,20160321,19
ACB,20160318,19.1
ACB,20160317,19.1
ACB,20160316,19.2
ACB,20160315,19.2
ACB,20160314,19.1
ACB,20160311,19.4
ACB,20160310,19.3
ACB,20160309,19.4
ACB,20160308,19
ACB,20160307,19.8
ACB,20160304,19.7
ACB,20160303,19.5
ACB,20160302,19.5
ACB,20160301,19.6
ACB,20160229,19.7
ACB,20160226,19.9
ACB,20160225,19.8
ACB,20160224,20
ACB,20160223,19.2
ACB,20160222,19.2
ACB,20160219,19.2
ACB,20160218,19.2
ACB,20160217,19.2
ACB,20160216,19.4
ACB,20160215,19
ACB,20160205,19.1
ACB,20160204,19
ACB,20160203,19
ACB,20160202,19
ACB,20160201,18.9
ACB,20160129,19
ACB,20160128,19
ACB,20160127,19
ACB,20160126,19
ACB,20160125,19.1
ACB,20160122,18.6
ACB,20160121,18.9
ACB,20160120,18.9
ACB,20160119,18.9
ACB,20160118,18.6
ACB,20160115,19.1
ACB,20160114,19
ACB,20160113,19
ACB,20160112,19
ACB,20160111,19
ACB,20160108,19.1
ACB,20160107,19.1
ACB,20160106,19.5
ACB,20160105,19.4
ACB,20160104,19.7
ACB,20151231,19.8
ACB,20151230,19.5
ACB,20151229,19.4
ACB,20151228,19.3
ACB,20151225,19.2
ACB,20151224,19.2
ACB,20151223,19.2
ACB,20151222,19.3
ACB,20151221,19.4
ACB,20151218,19.2
ACB,20151217,19.5
ACB,20151216,19.3
ACB,20151215,19.3
ACB,20151214,19.4
ACB,20151211,19.4
ACB,20151210,19.3
ACB,20151209,19.6
ACB,20151208,19.6
ACB,20151207,19.4
ACB,20151204,19.4
ACB,20151203,19.4
ACB,20151202,19.5
ACB,20151201,19.4
ACB,20151130,19.4
ACB,20151127,19.4
ACB,20151126,19.6
ACB,20151125,19.6
ACB,20151124,19.6
ACB,20151123,19.9
ACB,20151120,20
ACB,20151119,20.1
ACB,20151118,20.2
ACB,20151117,20.1
ACB,20151116,20.2
ACB,20151113,20.5
ACB,20151112,20.3
ACB,20151111,19.9
ACB,20151110,20.2
ACB,20151109,20.4
ACB,20151106,20.6
ACB,20151105,20.5
ACB,20151104,20.4
ACB,20151103,20.6
ACB,20151102,20.6
ACB,20151030,20.8
ACB,20151029,20.8
ACB,20151028,20.6
ACB,20151027,20.9
ACB,20151026,20.9
ACB,20151023,20.8
ACB,20151022,20.8
ACB,20151021,20.5
ACB,20151020,20.6
ACB,20151019,20.7
ACB,20151016,20.7
ACB,20151015,20.8
ACB,20151014,20.8
ACB,20151013,20.8
ACB,20151012,20.9
ACB,20151009,20.6
ACB,20151008,20.2
ACB,20151007,19.9
ACB,20151006,20.2
ACB,20151005,19.6
ACB,20151002,19.5
ACB,20151001,19.4
ACB,20150930,19.4
ACB,20150929,19.4
ACB,20150928,19.3
ACB,20150925,19.7
ACB,20150924,19.5
ACB,20150923,19.3
ACB,20150922,19.2
ACB,20150921,19.3
ACB,20150918,19.3
ACB,20150917,19.1
ACB,20150916,18.7
ACB,20150915,18.7
ACB,20150914,18.9
ACB,20150911,19
ACB,20150910,19.2
ACB,20150909,19.5
ACB,20150908,19
ACB,20150907,18.1
ACB,20150904,17.9
ACB,20150903,18.1
ACB,20150901,18.2
ACB,20150831,18.3
ACB,20150828,18.8
ACB,20150827,18.6
ACB,20150826,18.4
ACB,20150825,17.8
ACB,20150824,17.1
ACB,20150821,18.9
ACB,20150820,18.9
ACB,20150819,19.2
ACB,20150818,19
ACB,20150817,18.7
ACB,20150814,19.8
ACB,20150813,20.1
ACB,20150812,20.5
ACB,20150811,20.9
ACB,20150810,21.2
ACB,20150807,20.5
ACB,20150806,20.5
ACB,20150805,20.9
ACB,20150804,20.6
ACB,20150803,20.8
ACB,20150731,21.6
ACB,20150730,21.7
ACB,20150729,21.7
ACB,20150728,21.9
ACB,20150727,22
ACB,20150724,21.9
ACB,20150723,21.8
ACB,20150722,22.5
ACB,20150721,21.2
ACB,20150720,21.8
ACB,20150717,22
ACB,20150716,22.5
ACB,20150715,22.6
ACB,20150714,23.2
ACB,20150713,22.8
ACB,20150710,22.7
ACB,20150709,22.7
ACB,20150708,22.9
ACB,20150707,23.6
ACB,20150706,23.4
ACB,20150703,22.3
ACB,20150702,21.7
ACB,20150701,20.7
ACB,20150630,20.5
ACB,20150629,20.8
ACB,20150626,21
ACB,20150625,21.6
ACB,20150624,21.4
ACB,20150623,21.8
ACB,20150622,21.9
ACB,20150619,21.7
ACB,20150618,21.5
ACB,20150617,21.2
ACB,20150616,21.4
ACB,20150615,21.8
ACB,20150612,21.3
ACB,20150611,21.5
ACB,20150610,21.9
ACB,20150609,21.9
ACB,20150608,21.9
ACB,20150605,21.6
ACB,20150604,20.5
ACB,20150603,19.7
ACB,20150602,19.5
ACB,20150601,20.1
ACB,20150529,19.3
ACB,20150528,19.1
ACB,20150527,18
ACB,20150526,17.5
ACB,20150525,16.6
ACB,20150522,16.1
ACB,20150521,16.3
ACB,20150520,16.1
ACB,20150519,16
ACB,20150518,15.9
ACB,20150515,16.1
ACB,20150514,16
ACB,20150513,15.8
ACB,20150512,15.9
ACB,20150511,15.9
ACB,20150508,15.8
ACB,20150507,15.9
ACB,20150506,15.9
ACB,20150505,15.9
ACB,20150504,15.7
ACB,20150427,16.1
ACB,20150424,15.6
ACB,20150423,15.8
ACB,20150422,15.8
ACB,20150421,15.6
ACB,20150420,15.8
ACB,20150417,15.9
ACB,20150416,15.8
ACB,20150415,15.8
ACB,20150414,15.9
ACB,20150413,15.9
ACB,20150410,15.9
ACB,20150409,15.8
ACB,20150408,15.9
ACB,20150407,16
ACB,20150406,16.1
ACB,20150403,16.1
ACB,20150402,15.9
ACB,20150401,15.8
ACB,20150331,16
ACB,20150330,16.1
ACB,20150327,16.1
ACB,20150326,16.3
ACB,20150325,16.3
ACB,20150324,16.1
ACB,20150323,16.2
ACB,20150320,16.4
ACB,20150319,16.2
ACB,20150318,16.2
ACB,20150317,16.2
ACB,20150316,16.2
ACB,20150313,16.2
ACB,20150312,16.3
ACB,20150311,16.4
ACB,20150310,16.3
ACB,20150309,16.2
ACB,20150306,16.3
ACB,20150305,16.1
ACB,20150304,16.2
ACB,20150303,16.2
ACB,20150302,16.3
ACB,20150227,16.3
ACB,20150226,16.6
ACB,20150225,16.6
ACB,20150224,16.4
ACB,20150213,16.1
ACB,20150212,15.7
ACB,20150211,15.7
ACB,20150210,15.5
ACB,20150209,15.4
ACB,20150206,15.7
ACB,20150205,15.4
ACB,20150204,15.4
ACB,20150203,15.2
ACB,20150202,16.1
ACB,20150130,16.5
ACB,20150129,17
ACB,20150128,17.2
ACB,20150127,16.5
ACB,20150126,16.5
ACB,20150123,16.4
ACB,20150122,15.6
ACB,20150121,15.2
ACB,20150120,15.3
ACB,20150119,15.4
ACB,20150116,15.2
ACB,20150115,15.2
ACB,20150114,15.5
ACB,20150113,15.8
ACB,20150112,15.4
ACB,20150109,15.2
ACB,20150108,15.1
ACB,20150107,15
ACB,20150106,14.9
ACB,20150105,14.7
ACB,20141231,14.8
ACB,20141230,14.7
ACB,20141229,14.7
ACB,20141226,14.8
ACB,20141225,14.8
ACB,20141224,14.9
ACB,20141223,14.9
ACB,20141222,14.7
ACB,20141219,14.8
ACB,20141218,14.8
ACB,20141217,14.7
ACB,20141216,14.8
ACB,20141215,14.9
ACB,20141212,14.9
ACB,20141211,14.9
ACB,20141210,14.8
ACB,20141209,14.7
ACB,20141208,14.9
ACB,20141205,14.9
ACB,20141204,14.9
ACB,20141203,14.6
ACB,20141202,14.5
ACB,20141201,14.6
ACB,20141128,14.6
ACB,20141127,14.8
ACB,20141126,14.6
ACB,20141125,14.8
ACB,20141124,14.7
ACB,20141121,14.8
ACB,20141120,14.9
ACB,20141119,14.9
ACB,20141118,15
ACB,20141117,15.1
ACB,20141114,15
ACB,20141113,15.3
ACB,20141112,15.3
ACB,20141111,15
ACB,20141110,14.8
ACB,20141107,14.9
ACB,20141106,14.9
ACB,20141105,14.5
ACB,20141104,14.7
ACB,20141103,14.7
ACB,20141031,14.7
ACB,20141030,14.7
ACB,20141029,14.6
ACB,20141028,14.5
ACB,20141027,14.5
ACB,20141024,14.5
ACB,20141023,14.6
ACB,20141022,14.5
ACB,20141021,14.5
ACB,20141020,14.5
ACB,20141017,14.6
ACB,20141016,14.5
ACB,20141015,14.5
ACB,20141014,14.5
ACB,20141013,14.5
ACB,20141010,14.5
ACB,20141009,14.5
ACB,20141008,14.5
ACB,20141007,14.5
ACB,20141006,14.5
ACB,20141003,14.5
ACB,20141002,14.6
ACB,20141001,14.6
ACB,20140930,14.6
ACB,20140929,14.6
ACB,20140926,14.6
ACB,20140925,14.6
ACB,20140924,14.6
ACB,20140923,14.6
ACB,20140922,14.6
ACB,20140919,14.6
ACB,20140918,14.6
ACB,20140917,14.8
ACB,20140916,14.7
ACB,20140915,14.6
ACB,20140912,14.6
ACB,20140911,14.7
ACB,20140910,14.7
ACB,20140909,14.6
ACB,20140908,14.7
ACB,20140905,14.8
ACB,20140904,14.8
ACB,20140903,14.8
ACB,20140829,14.9
ACB,20140828,14.7
ACB,20140827,14.7
ACB,20140826,14.8
ACB,20140825,14.8
ACB,20140822,14.7
ACB,20140821,14.7
ACB,20140820,14.7
ACB,20140819,14.7
ACB,20140818,14.8
ACB,20140815,14.7
ACB,20140814,14.6
ACB,20140813,14.7
ACB,20140812,14.7
ACB,20140811,14.7
ACB,20140808,14.8
ACB,20140807,14.8
ACB,20140806,14.8
ACB,20140805,14.8
ACB,20140804,14.8
ACB,20140801,14.8
ACB,20140731,14.8
ACB,20140730,14.8
ACB,20140729,14.8
ACB,20140728,14.7
ACB,20140725,14.7
ACB,20140724,14.8
ACB,20140723,14.8
ACB,20140722,14.8
ACB,20140721,14.8
ACB,20140718,14.9
ACB,20140717,14.9
ACB,20140716,14.9
ACB,20140715,14.9
ACB,20140714,14.8
ACB,20140711,14.8
ACB,20140710,14.8
ACB,20140709,14.9
ACB,20140708,14.9
ACB,20140707,14.9
ACB,20140704,14.9
ACB,20140703,14.9
ACB,20140702,14.9
ACB,20140701,14.9
ACB,20140630,14.8
ACB,20140627,14.9
ACB,20140626,14.8
ACB,20140625,14.9
ACB,20140624,14.8
ACB,20140623,14.8
ACB,20140620,14.9
ACB,20140619,14.9
ACB,20140618,14.8
ACB,20140617,14.9
ACB,20140616,14.9
ACB,20140613,14.9
ACB,20140612,14.9
ACB,20140611,15
ACB,20140610,14.9
ACB,20140609,14.9
ACB,20140606,14.9
ACB,20140605,14.9
ACB,20140604,14.9
ACB,20140603,14.7
ACB,20140602,14.9
ACB,20140530,15
ACB,20140529,15
ACB,20140528,15.1
ACB,20140527,15
ACB,20140526,14.9
ACB,20140523,14.9
ACB,20140522,14.9
ACB,20140521,15
ACB,20140520,14.8
ACB,20140519,14.8
ACB,20140516,14.8
ACB,20140515,14.8
ACB,20140514,14.7
ACB,20140513,14.4
ACB,20140512,14.3
ACB,20140509,14.7
ACB,20140508,14.5
ACB,20140507,15
ACB,20140506,14.9
ACB,20140505,15
ACB,20140429,15
ACB,20140428,15
ACB,20140425,15.1
ACB,20140424,14.8
ACB,20140423,15.1
ACB,20140422,15.3
ACB,20140421,15.2
ACB,20140418,15.3
ACB,20140417,15.3
ACB,20140416,15.4
ACB,20140415,15.3
ACB,20140414,15.6
ACB,20140411,15.5
ACB,20140410,15.5
ACB,20140408,15.4
ACB,20140407,15.5
ACB,20140404,15.6
ACB,20140403,15.7
ACB,20140402,15.4
ACB,20140401,15.5
ACB,20140331,15.6
ACB,20140328,15.6
ACB,20140327,15.6
ACB,20140326,15.6
ACB,20140325,15.8
ACB,20140324,16
ACB,20140321,15.8
ACB,20140320,15.9
ACB,20140319,16
ACB,20140318,15.6
ACB,20140317,15.2
ACB,20140314,15.1
ACB,20140313,15.1
ACB,20140312,15
ACB,20140311,15.1
ACB,20140310,15.1
ACB,20140307,15.2
ACB,20140306,15.2
ACB,20140305,15.2
ACB,20140304,15.2
ACB,20140303,15.3
ACB,20140228,15.6
ACB,20140227,15.8
ACB,20140226,14.9
ACB,20140225,14.7
ACB,20140224,14.7
ACB,20140221,14.7
ACB,20140220,14.6
ACB,20140219,14.7
ACB,20140218,14.7
ACB,20140217,14.7
ACB,20140214,15.1
ACB,20140213,15.1
ACB,20140212,15
ACB,20140211,14.9
ACB,20140210,14.8
ACB,20140207,14.8
ACB,20140206,14.8
ACB,20140127,14.8
ACB,20140124,14.8
ACB,20140123,14.7
ACB,20140122,14.7
ACB,20140121,14.7
ACB,20140120,15
ACB,20140117,15.1
ACB,20140116,14.7
ACB,20140115,14.8
ACB,20140114,14.8
ACB,20140113,14.6
ACB,20140110,14.6
ACB,20140109,14.6
ACB,20140108,14.5
ACB,20140107,14.6
ACB,20140106,14.4
ACB,20140103,14.5
ACB,20140102,14.4
ACB,20131231,14.3
ACB,20131230,14.4
ACB,20131227,14.4
ACB,20131226,14.3
ACB,20131225,14.3
ACB,20131224,14.4
ACB,20131223,14.4
ACB,20131220,14.3
ACB,20131219,14.4
ACB,20131218,14.3
ACB,20131217,14.3
ACB,20131216,14.3
ACB,20131213,14.3
ACB,20131212,14.3
ACB,20131211,14.2
ACB,20131210,14.3
ACB,20131209,14.3
ACB,20131206,14.3
ACB,20131205,14.4
ACB,20131204,14.4
ACB,20131203,14.3
ACB,20131202,14.3
ACB,20131129,14.3
ACB,20131128,14.2
ACB,20131127,14.4
ACB,20131126,14.4
ACB,20131125,14.4
ACB,20131122,14.4
ACB,20131121,14.4
ACB,20131120,14.4
ACB,20131119,14.4
ACB,20131118,14.3
ACB,20131115,14.3
ACB,20131114,14.3
ACB,20131113,14.3
ACB,20131112,14.3
ACB,20131111,14.2
ACB,20131108,14.2
ACB,20131107,14.2
ACB,20131106,14.3
ACB,20131105,14.4
ACB,20131104,14.3
ACB,20131101,14.4
ACB,20131031,14.3
ACB,20131030,14.3
ACB,20131029,14.3
ACB,20131028,14.2
ACB,20131025,14.3
ACB,20131024,14.3
ACB,20131023,14.3
ACB,20131022,14.3
ACB,20131021,14.4
ACB,20131018,14.4
ACB,20131017,14.4
ACB,20131016,14.5
ACB,20131015,14.5
ACB,20131014,14.4
ACB,20131011,14.4
ACB,20131010,14.4
ACB,20131009,14.5
ACB,20131008,14.3
ACB,20131007,14.4
ACB,20131004,14.3
ACB,20131003,14.4
ACB,20131002,14.3
ACB,20131001,14.4
ACB,20130930,14.2
ACB,20130927,14.2
ACB,20130926,14.2
ACB,20130925,14.2
ACB,20130924,14.2
ACB,20130923,14.1
ACB,20130920,14.2
ACB,20130919,14.1
ACB,20130918,14.1
ACB,20130917,14.1
ACB,20130916,14.1
ACB,20130913,14.1
ACB,20130912,14
ACB,20130911,14.2
ACB,20130910,14.1
ACB,20130909,14
ACB,20130906,14.1
ACB,20130905,14
ACB,20130904,13.9
ACB,20130903,14
ACB,20130830,14.1
ACB,20130829,13.9
ACB,20130828,13.9
ACB,20130827,14.2
ACB,20130826,14.2
ACB,20130823,14.2
ACB,20130822,14.2
ACB,20130821,14.3
ACB,20130820,14.3
ACB,20130819,14.3
ACB,20130816,14.2
ACB,20130815,14.3
ACB,20130814,14.4
ACB,20130813,14.2
ACB,20130812,14.2
ACB,20130809,14.2
ACB,20130808,14.3
ACB,20130807,14.5
ACB,20130806,14.4
ACB,20130805,14.4
ACB,20130802,14.4
ACB,20130801,14.4
ACB,20130731,14.5
ACB,20130730,14.6
ACB,20130729,14.6
ACB,20130726,14.6
ACB,20130725,14.5
ACB,20130724,14.6
ACB,20130723,14.7
ACB,20130722,14.6
ACB,20130719,14.6
ACB,20130718,14.7
ACB,20130717,14.7
ACB,20130716,14.6
ACB,20130715,14.6
ACB,20130712,14.6
ACB,20130711,14.6
ACB,20130710,14.6
ACB,20130709,14.6
ACB,20130708,14.5
ACB,20130705,14.6
ACB,20130704,14.8
ACB,20130703,14.8
ACB,20130702,14.8
ACB,20130701,14.7
ACB,20130628,14.7
ACB,20130627,14.7
ACB,20130626,14.7
ACB,20130625,14.7
ACB,20130624,14.9
ACB,20130621,14.8
ACB,20130620,14.8
ACB,20130619,14.9
ACB,20130618,14.8
ACB,20130617,14.8
ACB,20130614,15
ACB,20130613,15.1
ACB,20130612,15.2
ACB,20130611,15.3
ACB,20130610,15.3
ACB,20130607,15.4
ACB,20130606,15.2
ACB,20130605,15.2
ACB,20130604,15.1
ACB,20130603,15.4
ACB,20130531,15.1
ACB,20130530,15.1
ACB,20130529,15.2
ACB,20130528,15.2
ACB,20130527,15.1
ACB,20130524,15.2
ACB,20130523,15.1
ACB,20130522,15.3
ACB,20130521,14.7
ACB,20130520,14.6
ACB,20130517,14.7
ACB,20130516,14.7
ACB,20130515,14.3
ACB,20130514,14.3
ACB,20130513,14.4
ACB,20130510,14.4
ACB,20130509,14.3
ACB,20130508,14.1
ACB,20130507,14.3
ACB,20130506,14.2
ACB,20130503,14.1
ACB,20130502,14.1
ACB,20130426,14
ACB,20130425,14
ACB,20130424,14
ACB,20130423,14
ACB,20130422,13.9
ACB,20130418,13.9
ACB,20130417,13.9
ACB,20130416,14
ACB,20130415,14.1
ACB,20130412,14.5
ACB,20130411,14.7
ACB,20130410,14
ACB,20130409,14
ACB,20130408,14.1
ACB,20130405,14.2
ACB,20130404,14.1
ACB,20130403,14.3
ACB,20130402,14.3
ACB,20130401,14.3
ACB,20130329,14.4
ACB,20130328,14.4
ACB,20130327,14.3
ACB,20130326,14.3
ACB,20130325,14.5
ACB,20130322,14.5
ACB,20130321,14.5
ACB,20130320,14.6
ACB,20130319,14.5
ACB,20130318,14.5
ACB,20130315,14.6
ACB,20130314,14.5
ACB,20130313,14.5
ACB,20130312,14.6
ACB,20130311,14.6
ACB,20130308,14.5
ACB,20130307,14.4
ACB,20130306,14.5
ACB,20130305,14.3
ACB,20130304,14.4
ACB,20130301,14.7
ACB,20130228,14.5
ACB,20130227,14.5
ACB,20130226,14.4
ACB,20130225,14.7
ACB,20130222,14.7
ACB,20130221,14.5
ACB,20130220,15.3
ACB,20130219,15.5
ACB,20130218,15.6
ACB,20130208,15.7
ACB,20130207,15.4
ACB,20130206,15.4
ACB,20130205,15.4
ACB,20130204,15.4
ACB,20130201,15.5
ACB,20130131,15.5
ACB,20130130,15.7
ACB,20130129,15.7
ACB,20130128,15.5
ACB,20130125,15.4
ACB,20130124,15.2
ACB,20130123,14.9
ACB,20130122,14.9
ACB,20130121,15.4
ACB,20130118,15.6
ACB,20130117,15.8
ACB,20130116,16
ACB,20130115,16
ACB,20130114,15.8
ACB,20130111,16
ACB,20130110,16.1
ACB,20130109,15.9
ACB,20130108,15.2
ACB,20130107,15.1
ACB,20130104,15.1
ACB,20130103,14.9
ACB,20130102,15.2
ACB,20121228,14.5
ACB,20121227,14.3
ACB,20121226,14.3
ACB,20121225,14.1
ACB,20121224,14.1
ACB,20121221,14.1
ACB,20121220,14.2
ACB,20121219,14.3
ACB,20121218,14
ACB,20121217,14.4
ACB,20121214,14.8
ACB,20121213,14.1
ACB,20121212,13.6
ACB,20121211,13.2
ACB,20121210,13.2
ACB,20121207,13
ACB,20121206,13
ACB,20121205,13.1
ACB,20121204,12.8
ACB,20121203,12.8
ACB,20121130,12.7
ACB,20121129,12.9
ACB,20121128,12.9
ACB,20121127,12.9
ACB,20121126,12.9
ACB,20121123,12.7
ACB,20121122,12.9
ACB,20121121,12.9
ACB,20121120,13
ACB,20121119,12.9
ACB,20121116,13.1
ACB,20121115,13.2
ACB,20121114,13.3
ACB,20121113,13.3
ACB,20121112,13.3
ACB,20121109,13.1
ACB,20121108,13
ACB,20121107,13.2
ACB,20121106,12.8
ACB,20121105,12.8
ACB,20121102,12.7
ACB,20121101,13.3
ACB,20121031,13.4
ACB,20121030,13.6
ACB,20121029,13.9
ACB,20121026,13.9
ACB,20121025,14
ACB,20121024,13.9
ACB,20121023,13.8
ACB,20121022,13.7
ACB,20121019,13.8
ACB,20121018,14
ACB,20121017,14.1
ACB,20121016,14.2
ACB,20121015,14
ACB,20121012,14.1
ACB,20121011,14.2
ACB,20121010,14
ACB,20121009,14
ACB,20121008,14
ACB,20121005,13.9
ACB,20121004,13.8
ACB,20121003,13.9
ACB,20121002,13.9
ACB,20121001,14
ACB,20120928,14.4
ACB,20120927,14.4
ACB,20120926,14.6
ACB,20120925,14.8
ACB,20120924,15.1
ACB,20120921,14.4
ACB,20120920,13.5
ACB,20120919,14
ACB,20120918,14.9
ACB,20120917,16
ACB,20120914,15.9
ACB,20120913,15.5
ACB,20120912,15.6
ACB,20120911,15.7
ACB,20120910,15.9
ACB,20120907,16.9
ACB,20120906,17.1
ACB,20120905,17.3
ACB,20120904,17.4
ACB,20120831,17.4
ACB,20120830,17.6
ACB,20120829,17.6
ACB,20120828,16.7
ACB,20120827,17.7
ACB,20120824,19.1
ACB,20120823,18.4
ACB,20120822,19.7
ACB,20120821,21.1
ACB,20120820,22.7
ACB,20120817,22.6
ACB,20120816,22.6
ACB,20120815,22.6
ACB,20120814,22.6
ACB,20120813,22.6
ACB,20120810,22.6
ACB,20120809,22.6
ACB,20120808,22.6
ACB,20120807,22.5
ACB,20120806,22.6
ACB,20120803,22.6
ACB,20120802,22.6
ACB,20120801,22.6
ACB,20120731,22.6
ACB,20120730,22.6
ACB,20120727,22.6
ACB,20120726,22.6
ACB,20120725,22.6
ACB,20120724,22.5
ACB,20120723,22.6
ACB,20120720,22.6
ACB,20120719,22.6
ACB,20120718,22.6
ACB,20120717,22.6
ACB,20120716,22.5
ACB,20120713,22.4
ACB,20120712,22.4
ACB,20120711,22.5
ACB,20120710,22.4
ACB,20120709,22.5
ACB,20120706,22.6
ACB,20120705,22.6
ACB,20120704,22.5
ACB,20120703,22.5
ACB,20120702,22.5
ACB,20120629,22.6
ACB,20120628,22.6
ACB,20120627,22.6
ACB,20120626,22.6
ACB,20120625,22.5
ACB,20120622,22.6
ACB,20120621,22.6
ACB,20120620,22.6
ACB,20120619,22.6
ACB,20120618,22.6
ACB,20120615,22.5
ACB,20120614,22.5
ACB,20120613,22.6
ACB,20120612,22.6
ACB,20120611,22.6
ACB,20120608,22.5
ACB,20120607,22.7
ACB,20120606,22.6
ACB,20120605,22.6
ACB,20120604,22.5
ACB,20120601,22.6
ACB,20120531,22.6
ACB,20120530,22.7
ACB,20120529,22.6
ACB,20120528,22.6
ACB,20120525,22.7
ACB,20120524,22.5
ACB,20120523,22.5
ACB,20120522,22.5
ACB,20120521,22.7
ACB,20120518,22.2
ACB,20120517,22.6
ACB,20120516,22.5
ACB,20120515,22.5
ACB,20120514,22.5
ACB,20120511,22.5
ACB,20120510,22.7
ACB,20120509,22.7
ACB,20120508,22.7
ACB,20120507,22.6
ACB,20120504,22.4
ACB,20120503,22.3
ACB,20120502,22.3
ACB,20120427,22.6
ACB,20120426,22.5
ACB,20120425,22.6
ACB,20120424,22.6
ACB,20120423,22.6
ACB,20120420,22.4
ACB,20120419,22.3
ACB,20120418,22.6
ACB,20120417,23
ACB,20120416,23.1
ACB,20120413,23.1
ACB,20120412,23.1
ACB,20120411,22.5
ACB,20120410,22.1
ACB,20120409,22.3
ACB,20120406,22.2
ACB,20120405,22.1
ACB,20120404,21.8
ACB,20120403,21.9
ACB,20120330,21.6
ACB,20120329,21.6
ACB,20120328,22
ACB,20120327,21.9
ACB,20120326,22.6
ACB,20120323,22.5
ACB,20120322,22.6
ACB,20120321,22.6
ACB,20120320,22.6
ACB,20120319,22
ACB,20120316,22.2
ACB,20120315,22
ACB,20120314,21.5
ACB,20120313,21.6
ACB,20120312,20.9
ACB,20120309,21.6
ACB,20120308,21.7
ACB,20120307,22.9
ACB,20120306,23.7
ACB,20120305,24.4
ACB,20120302,22.9
ACB,20120301,21.8
ACB,20120229,20.6
ACB,20120228,20.2
ACB,20120227,20.7
ACB,20120224,20.1
ACB,20120223,20.4
ACB,20120222,20.4
ACB,20120221,19.8
ACB,20120220,20.1
ACB,20120217,19
ACB,20120216,18.7
ACB,20120215,18.4
ACB,20120214,19.1
ACB,20120213,19.5
ACB,20120210,20.4
ACB,20120209,20.5
ACB,20120208,20.1
ACB,20120207,19.7
ACB,20120206,18.8
ACB,20120203,18.8
ACB,20120202,19.1
ACB,20120201,18.5
ACB,20120131,18.6
ACB,20120130,18.3
ACB,20120120,18
ACB,20120119,17.9
ACB,20120118,17.6
ACB,20120117,17.6
ACB,20120116,17.4
ACB,20120113,17.2
ACB,20120112,17.1
ACB,20120111,17.1
ACB,20120110,17.2
ACB,20120109,17.1
ACB,20120106,17.2
ACB,20120105,17.3
ACB,20120104,16.9
ACB,20120103,16.7
ACB,20111230,17.3
ACB,20111229,17.1
ACB,20111228,17.2
ACB,20111227,17
ACB,20111226,17
ACB,20111223,16.9
ACB,20111222,16.8
ACB,20111221,17
ACB,20111220,17.1
ACB,20111219,16.9
ACB,20111216,16.3
ACB,20111215,16.1
ACB,20111214,16.3
ACB,20111213,16.3
ACB,20111212,16.3
ACB,20111209,16.4
ACB,20111208,16.4
ACB,20111207,16.2
ACB,20111206,15.9
ACB,20111205,15.9
ACB,20111202,15.7
ACB,20111201,15.7
ACB,20111130,15.7
ACB,20111129,15.9
ACB,20111128,15.9
ACB,20111125,15.9
ACB,20111124,15.9
ACB,20111123,16
ACB,20111122,16.1
ACB,20111121,16.1
ACB,20111118,16.1
ACB,20111117,16.1
ACB,20111116,16.2
ACB,20111115,16.1
ACB,20111114,15.9
ACB,20111111,16
ACB,20111110,16
ACB,20111109,16
ACB,20111108,15.9
ACB,20111107,15.9
ACB,20111104,16.2
ACB,20111103,16.3
ACB,20111102,16.9
ACB,20111101,17
ACB,20111031,17.2
ACB,20111028,17.2
ACB,20111027,17
ACB,20111026,17
ACB,20111025,17
ACB,20111024,17
ACB,20111021,17.1
ACB,20111020,17
ACB,20111019,17
ACB,20111018,17
ACB,20111017,17
ACB,20111014,17.1
ACB,20111013,17.1
ACB,20111012,17.4
ACB,20111011,17.6
ACB,20111010,17.4
ACB,20111007,17.7
ACB,20111006,17.4
ACB,20111005,17.2
ACB,20111004,17.3
ACB,20111003,17.3
ACB,20110930,17.2
ACB,20110929,17.1
ACB,20110928,17.2
ACB,20110927,17.1
ACB,20110926,17
ACB,20110923,17.1
ACB,20110922,17.3
ACB,20110921,17.2
ACB,20110920,17.1
ACB,20110919,17.3
ACB,20110916,17.1
ACB,20110915,17.4
ACB,20110914,17.8
ACB,20110913,18.1
ACB,20110912,18.1
ACB,20110909,18.1
ACB,20110908,18.6
ACB,20110907,18.9
ACB,20110906,18
ACB,20110905,18.6
ACB,20110901,18
ACB,20110831,17
ACB,20110830,16.9
ACB,20110829,16.7
ACB,20110826,16.7
ACB,20110825,16.7
ACB,20110824,16.7
ACB,20110823,16.7
ACB,20110822,16.7
ACB,20110819,16.6
ACB,20110818,16.7
ACB,20110817,16.6
ACB,20110816,16.6
ACB,20110815,16.6
ACB,20110812,16.6
ACB,20110811,16.5
ACB,20110810,16.6
ACB,20110809,16.5
ACB,20110808,16.6
ACB,20110805,16.7
ACB,20110804,16.7
ACB,20110803,16.6
ACB,20110802,16.6
ACB,20110801,16.6
ACB,20110729,16.7
ACB,20110728,16.7
ACB,20110727,16.7
ACB,20110726,16.7
ACB,20110725,16.7
ACB,20110722,16.7
ACB,20110721,16.7
ACB,20110720,16.7
ACB,20110719,16.7
ACB,20110718,16.7
ACB,20110715,16.7
ACB,20110714,16.7
ACB,20110713,16.7
ACB,20110712,16.7
ACB,20110711,16.7
ACB,20110708,16.7
ACB,20110707,16.7
ACB,20110706,16.7
ACB,20110705,16.7
ACB,20110704,16.7
ACB,20110701,16.6
ACB,20110630,16.7
ACB,20110629,16.6
ACB,20110628,16.6
ACB,20110627,16.6
ACB,20110624,16.6
ACB,20110623,16.6
ACB,20110622,16.7
ACB,20110621,16.7
ACB,20110620,16.7
ACB,20110617,16.7
ACB,20110616,16.7
ACB,20110615,16.5
ACB,20110614,16.6
ACB,20110613,16.6
ACB,20110610,16.6
ACB,20110609,16.5
ACB,20110608,16.5
ACB,20110607,16.7
ACB,20110606,16.4
ACB,20110603,16.6
ACB,20110602,17
ACB,20110601,16.7
ACB,20110531,16.4
ACB,20110530,16.3
ACB,20110527,16.3
ACB,20110526,16.7
ACB,20110525,16.3
ACB,20110524,16.9
ACB,20110523,17.1
ACB,20110520,17.2
ACB,20110519,17.4
ACB,20110518,17.4
ACB,20110517,17.4
ACB,20110516,17.5
ACB,20110513,17.5
ACB,20110512,17.4
ACB,20110511,17.5
ACB,20110510,17.4
ACB,20110509,17.4
ACB,20110506,17.4
ACB,20110505,17.4
ACB,20110504,17.3
ACB,20110429,17.3
ACB,20110428,17.3
ACB,20110427,17.4
ACB,20110426,17.4
ACB,20110425,17.4
ACB,20110422,17.7
ACB,20110421,17.8
ACB,20110420,17.8
ACB,20110419,17.8
ACB,20110418,17.8
ACB,20110415,17.8
ACB,20110414,17.8
ACB,20110413,17.7
ACB,20110408,17.8
ACB,20110407,17.8
ACB,20110406,17.8
ACB,20110405,17.7
ACB,20110404,17.7
ACB,20110401,17.8
ACB,20110331,17.7
ACB,20110330,17.7
ACB,20110329,17.7
ACB,20110328,17.7
ACB,20110325,17.7
ACB,20110324,17.6
ACB,20110323,17.7
ACB,20110322,17.6
ACB,20110321,17.7
ACB,20110318,17.7
ACB,20110317,17.3
ACB,20110316,17.4
ACB,20110315,17.4
ACB,20110314,17.5
ACB,20110311,17.8
ACB,20110310,17.7
ACB,20110309,17.4
ACB,20110308,17.4
ACB,20110307,17.2
ACB,20110304,17.5
ACB,20110303,17
ACB,20110302,16.8
ACB,20110301,17.3
ACB,20110228,17.3
ACB,20110225,17.4
ACB,20110224,17.2
ACB,20110223,17.3
ACB,20110222,17.2
ACB,20110221,17
ACB,20110218,18.2
ACB,20110217,18.3
ACB,20110216,18.5
ACB,20110215,18.7
ACB,20110214,18.9
ACB,20110211,19
ACB,20110210,18.9
ACB,20110209,19.1
ACB,20110208,19
ACB,20110128,18.8
ACB,20110127,18.9
ACB,20110126,18.9
ACB,20110125,18.7
ACB,20110124,19
ACB,20110121,19.2
ACB,20110120,18.5
ACB,20110119,18.3
ACB,20110118,18.4
ACB,20110117,18.6
ACB,20110114,18.5
ACB,20110113,18.5
ACB,20110112,18.4
ACB,20110111,18.2
ACB,20110110,18.7
ACB,20110107,19
ACB,20110106,19.3
ACB,20110105,19.1
ACB,20110104,19.5
ACB,20101231,20.2
ACB,20101230,19.4
ACB,20101229,19.5
ACB,20101228,19.7
ACB,20101227,19.2
ACB,20101224,19.2
ACB,20101223,19.2
ACB,20101222,19.8
ACB,20101221,19.8
ACB,20101220,20.3
ACB,20101217,21.2
ACB,20101216,20.9
ACB,20101215,22.6
ACB,20101214,21
ACB,20101213,20.1
ACB,20101210,19.1
ACB,20101209,18.4
ACB,20101208,18.1
ACB,20101207,18.5
ACB,20101206,18.6
ACB,20101203,18.6
ACB,20101202,17.7
ACB,20101201,17.2
ACB,20101130,17.3
ACB,20101129,16.5
ACB,20101126,16.4
ACB,20101125,16.4
ACB,20101124,16.3
ACB,20101123,16.1
ACB,20101122,15.9
ACB,20101119,15.9
ACB,20101118,16
ACB,20101117,15.8
ACB,20101116,16.1
ACB,20101115,16
ACB,20101112,16.4
ACB,20101111,16.9
ACB,20101110,17.4
ACB,20101109,17.4
ACB,20101108,17.6
ACB,20101105,17.8
ACB,20101104,17.5
ACB,20101103,17.5
ACB,20101102,17.5
ACB,20101101,17.5
ACB,20101029,17.6
ACB,20101028,17
ACB,20101027,17.2
ACB,20101026,17.4
ACB,20101025,17.2
ACB,20101022,17.4
ACB,20101021,17.6
ACB,20101020,17.2
ACB,20101019,17.9
ACB,20101018,18
ACB,20101015,18.1
ACB,20101014,18.3
ACB,20101013,18.1
ACB,20101012,18.2
ACB,20101011,18.3
ACB,20101008,18.3
ACB,20101007,18.4
ACB,20101006,18.5
ACB,20101005,18.4
ACB,20101004,18.1
ACB,20101001,18.7
ACB,20100930,18.7
ACB,20100929,18.6
ACB,20100928,18.7
ACB,20100927,18.7
ACB,20100924,18.7
ACB,20100923,18.7
ACB,20100922,18.6
ACB,20100921,18.5
ACB,20100920,18.5
ACB,20100917,18.5
ACB,20100916,18.4
ACB,20100915,18.3
ACB,20100914,18.3
ACB,20100913,18.2
ACB,20100910,18.3
ACB,20100909,18.7
ACB,20100908,18.2
ACB,20100907,18.5
ACB,20100906,18.9
ACB,20100901,18.5
ACB,20100831,18.5
ACB,20100830,18.5
ACB,20100827,17.8
ACB,20100826,17.8
ACB,20100825,17.7
ACB,20100824,18.2
ACB,20100823,18.3
ACB,20100820,18.5
ACB,20100819,18.5
ACB,20100818,18.5
ACB,20100817,18.8
ACB,20100816,18.9
ACB,20100813,18.5
ACB,20100812,18.2
ACB,20100811,18.7
ACB,20100810,18.8
ACB,20100809,19.3
ACB,20100806,19.1
ACB,20100805,19.4
ACB,20100804,19.5
ACB,20100803,19.7
ACB,20100802,19.7
ACB,20100730,19.7
ACB,20100729,19.8
ACB,20100728,19.8
ACB,20100727,19.9
ACB,20100726,19.9
ACB,20100723,19.9
ACB,20100722,20.1
ACB,20100721,20.2
ACB,20100720,20.1
ACB,20100719,20.5
ACB,20100716,20.6
ACB,20100715,20.6
ACB,20100714,20.7
ACB,20100713,20.3
ACB,20100712,20
ACB,20100709,20
ACB,20100708,20
ACB,20100707,19.9
ACB,20100706,20
ACB,20100705,20
ACB,20100702,20
ACB,20100701,20
ACB,20100630,20
ACB,20100629,20.1
ACB,20100628,20
ACB,20100625,19.9
ACB,20100624,20
ACB,20100623,20
ACB,20100622,20
ACB,20100621,20
ACB,20100618,20
ACB,20100617,20
ACB,20100616,20
ACB,20100615,20
ACB,20100614,20
ACB,20100611,20.1
ACB,20100610,20
ACB,20100609,20
ACB,20100608,20.1
ACB,20100607,19.9
ACB,20100604,20.5
ACB,20100603,20.6
ACB,20100602,20.6
ACB,20100601,20.6
ACB,20100531,20.6
ACB,20100528,20.7
ACB,20100527,20.5
ACB,20100526,20.6
ACB,20100525,20.4
ACB,20100524,20.6
ACB,20100521,20.7
ACB,20100520,21.4
ACB,20100519,21.4
ACB,20100518,21.6
ACB,20100517,21.5
ACB,20100514,21.6
ACB,20100513,21.6
ACB,20100512,21.6
ACB,20100511,21.9
ACB,20100510,21.9
ACB,20100507,22.2
ACB,20100506,22.5
ACB,20100505,22.7
ACB,20100504,23.1
ACB,20100429,22.1
ACB,20100428,21.9
ACB,20100427,22.2
ACB,20100426,22.3
ACB,20100422,22.6
ACB,20100421,22
ACB,20100420,21.8
ACB,20100419,22
ACB,20100416,22.2
ACB,20100415,22.3
ACB,20100414,22
ACB,20100413,22.3
ACB,20100412,22.5
ACB,20100409,22.7
ACB,20100408,22.7
ACB,20100407,22.7
ACB,20100406,22.8
ACB,20100405,22.8
ACB,20100402,22.7
ACB,20100401,22.9
ACB,20100331,22.5
ACB,20100330,22.9
ACB,20100329,22.7
ACB,20100326,22.8
ACB,20100325,22.9
ACB,20100324,22.9
ACB,20100323,22.9
ACB,20100322,22.9
ACB,20100319,22.9
ACB,20100318,23
ACB,20100317,22.9
ACB,20100316,22.9
ACB,20100315,22.9
ACB,20100312,23.1
ACB,20100311,22.9
ACB,20100310,23.1
ACB,20100309,23.2
ACB,20100308,23.3
ACB,20100305,23.3
ACB,20100304,23.3
ACB,20100303,23.5
ACB,20100302,23.1
ACB,20100301,23.4
ACB,20100226,23
ACB,20100225,22.3
ACB,20100224,22.4
ACB,20100223,22.4
ACB,20100222,23
ACB,20100212,22.6
ACB,20100211,22.6
ACB,20100210,22.1
ACB,20100209,22
ACB,20100208,22.4
ACB,20100205,22
ACB,20100204,22.4
ACB,20100203,22.1
ACB,20100202,22.1
ACB,20100201,22.1
ACB,20100129,22.1
ACB,20100128,22.1
ACB,20100127,22.3
ACB,20100126,23
ACB,20100125,22.1
ACB,20100122,22.2
ACB,20100121,21.9
ACB,20100120,22.4
ACB,20100119,22.8
ACB,20100118,22.6
ACB,20100115,23.3
ACB,20100114,23.6
ACB,20100113,23.6
ACB,20100112,23.3
ACB,20100111,23.9
ACB,20100108,24
ACB,20100107,24.2
ACB,20100106,24.2
ACB,20100105,24.9
ACB,20100104,24.9
ACB,20091231,23.4
ACB,20091230,23.3
ACB,20091229,22.9
ACB,20091228,23.1
ACB,20091225,23.8
ACB,20091224,23.5
ACB,20091223,23.5
ACB,20091222,23.5
ACB,20091221,24.2
ACB,20091218,23.7
ACB,20091217,23.2
ACB,20091216,22.5
ACB,20091215,23.3
ACB,20091214,23.5
ACB,20091211,22.1
ACB,20091210,22
ACB,20091209,21.9
ACB,20091208,22.6
ACB,20091207,23.3
ACB,20091204,23.3
ACB,20091203,23.3
ACB,20091202,23.4
ACB,20091201,24.5
ACB,20091130,23.1
ACB,20091127,22.3
ACB,20091126,21.2
ACB,20091125,22.6
ACB,20091124,24
ACB,20091123,24.5
ACB,20091120,25.1
ACB,20091119,25.3
ACB,20091118,25.3
ACB,20091117,25.3
ACB,20091116,25.4
ACB,20091113,25.6
ACB,20091112,25.9
ACB,20091111,25.9
ACB,20091110,25.4
ACB,20091109,25.7
ACB,20091106,26.5
ACB,20091105,26.8
ACB,20091104,26.5
ACB,20091103,26.3
ACB,20091102,26.7
ACB,20091030,28
ACB,20091029,27.8
ACB,20091028,28.6
ACB,20091027,28.9
ACB,20091026,29.2
ACB,20091023,30.3
ACB,20091022,29.9
ACB,20091021,30.1
ACB,20091020,28.8
ACB,20091019,28.8
ACB,20091016,28.8
ACB,20091015,29.8
ACB,20091014,29
ACB,20091013,27.8
ACB,20091012,28.3
ACB,20091009,27.9
ACB,20091008,27.6
ACB,20091007,27.6
ACB,20091006,27.3
ACB,20091005,27.4
ACB,20091002,27.8
ACB,20091001,28.4
ACB,20090930,28.8
ACB,20090929,29
ACB,20090928,29.3
ACB,20090925,29
ACB,20090924,28.6
ACB,20090923,28.8
ACB,20090922,28.6
ACB,20090921,28.8
ACB,20090918,29.3
ACB,20090917,29.6
ACB,20090916,30.1
ACB,20090915,28.8
ACB,20090914,28.5
ACB,20090911,28.5
ACB,20090910,28.5
ACB,20090909,28.5
ACB,20090908,28.8
ACB,20090907,28.6
ACB,20090904,28.9
ACB,20090903,29.2
ACB,20090901,29.6
ACB,20090831,29.8
ACB,20090828,29.3
ACB,20090827,29
ACB,20090826,29.3
ACB,20090825,29.5
ACB,20090824,29.8
ACB,20090821,29.5
ACB,20090820,29.2
ACB,20090819,29.2
ACB,20090818,29
ACB,20090817,29.2
ACB,20090814,29.6
ACB,20090813,29.6
ACB,20090812,29.1
ACB,20090811,29.1
ACB,20090810,29.1
ACB,20090807,29
ACB,20090806,29
ACB,20090805,29.1
ACB,20090804,29.3
ACB,20090803,28.9
ACB,20090731,29.2
ACB,20090730,28.2
ACB,20090729,28.7
ACB,20090728,29.4
ACB,20090727,30.9
ACB,20090724,29.7
ACB,20090723,28.2
ACB,20090722,26.8
ACB,20090721,27
ACB,20090720,26.7
ACB,20090717,28
ACB,20090716,28.3
ACB,20090715,28.2
ACB,20090714,27.9
ACB,20090713,28
ACB,20090710,29.1
ACB,20090709,29.5
ACB,20090708,29.9
ACB,20090707,30.1
ACB,20090706,30.6
ACB,20090703,29.5
ACB,20090702,29.8
ACB,20090701,28.9
ACB,20090630,30.4
ACB,20090629,30.8
ACB,20090626,30.7
ACB,20090625,30.3
ACB,20090624,29.8
ACB,20090623,27.7
ACB,20090622,29.5
ACB,20090619,31.4
ACB,20090618,31.9
ACB,20090617,31.3
ACB,20090616,31.1
ACB,20090615,33.2
ACB,20090612,35.2
ACB,20090611,35.1
ACB,20090610,33.2
ACB,20090609,34
ACB,20090608,31.8
ACB,20090605,29.7
ACB,20090604,27.8
ACB,20090603,27.1
ACB,20090602,27.6
ACB,20090601,27.1
ACB,20090529,26.2
ACB,20090528,25.7
ACB,20090527,26.6
ACB,20090526,27
ACB,20090525,27.5
ACB,20090522,26.2
ACB,20090521,26.7
ACB,20090520,27.3
ACB,20090519,27.9
ACB,20090518,27
ACB,20090515,26.6
ACB,20090514,25.4
ACB,20090513,25.6
ACB,20090512,26.3
ACB,20090511,26.3
ACB,20090508,26.7
ACB,20090507,27.1
ACB,20090506,25
ACB,20090505,25.6
ACB,20090504,23.9
ACB,20090429,22.6
ACB,20090428,22.1
ACB,20090427,21.5
ACB,20090424,21.5
ACB,20090423,22.3
ACB,20090422,22.8
ACB,20090421,21.3
ACB,20090420,22.9
ACB,20090417,24.2
ACB,20090416,25.7
ACB,20090415,25.1
ACB,20090414,25.6
ACB,20090413,23.9
ACB,20090410,22.4
ACB,20090409,21
ACB,20090408,20.2
ACB,20090407,21
ACB,20090403,19.9
ACB,20090402,18.6
ACB,20090401,18.3
ACB,20090331,17.8
ACB,20090330,17.7
ACB,20090327,18.2
ACB,20090326,18.5
ACB,20090325,18.2
ACB,20090324,18.2
ACB,20090323,17
ACB,20090320,17.4
ACB,20090319,17.6
ACB,20090318,18.1
ACB,20090317,17.2
ACB,20090316,16.3
ACB,20090313,16.1
ACB,20090312,15.8
ACB,20090311,16.4
ACB,20090310,15.7
ACB,20090309,15.3
ACB,20090306,15
ACB,20090305,14.9
ACB,20090304,14.3
ACB,20090303,14.2
ACB,20090302,14.8
ACB,20090227,14.9
ACB,20090226,14.6
ACB,20090225,14.3
ACB,20090224,13.5
ACB,20090223,13.7
ACB,20090220,14.5
ACB,20090219,14.5
ACB,20090218,14.3
ACB,20090217,14.9
ACB,20090216,15.2
ACB,20090213,15.4
ACB,20090212,15.5
ACB,20090211,15.4
ACB,20090210,15.6
ACB,20090209,16.1
ACB,20090206,15.5
ACB,20090205,15.2
ACB,20090204,15.9
ACB,20090203,16
ACB,20090202,16.4
ACB,20090123,16.7
ACB,20090122,16.6
ACB,20090121,16.5
ACB,20090120,16.5
ACB,20090119,16.5
ACB,20090116,16.6
ACB,20090115,16.5
ACB,20090114,16.6
ACB,20090113,16.7
ACB,20090112,16.8
ACB,20090109,16.9
ACB,20090108,16.9
ACB,20090107,17.1
ACB,20090106,16.9
ACB,20090105,16.5
ACB,20090102,16.4
ACB,20081231,16.5
ACB,20081230,16.5
ACB,20081229,16.4
ACB,20081226,16.5
ACB,20081225,16.5
ACB,20081224,16.6
ACB,20081223,16.9
ACB,20081222,17.2
ACB,20081219,17.3
ACB,20081218,17.4
ACB,20081217,17.4
ACB,20081216,17.1
ACB,20081215,18.2
ACB,20081212,17.4
ACB,20081211,16.7
ACB,20081210,16.6
ACB,20081209,17.2
ACB,20081208,16.7
ACB,20081205,17.7
ACB,20081204,18.3
ACB,20081203,17.6
ACB,20081202,17.7
ACB,20081201,18.1
ACB,20081128,18.5
ACB,20081127,17.3
ACB,20081126,17.5
ACB,20081125,18.6
ACB,20081124,18.5
ACB,20081121,18.5
ACB,20081120,18.5
ACB,20081119,19.3
ACB,20081118,19.3
ACB,20081117,18.2
ACB,20081114,18.5
ACB,20081113,18
ACB,20081112,17.7
ACB,20081111,17.1
ACB,20081110,17.9
ACB,20081107,17.4
ACB,20081106,18.5
ACB,20081105,19.3
ACB,20081104,18.3
ACB,20081103,17.6
ACB,20081031,18.1
ACB,20081030,17.3
ACB,20081029,16.3
ACB,20081028,15.9
ACB,20081027,15.5
ACB,20081024,16.5
ACB,20081023,16.9
ACB,20081022,18
ACB,20081021,18.7
ACB,20081020,17.7
ACB,20081017,18
ACB,20081016,17.8
ACB,20081015,18.9
ACB,20081014,18
ACB,20081013,16.8
ACB,20081010,16.6
ACB,20081009,18.1
ACB,20081008,17.5
ACB,20081007,18.7
ACB,20081006,19.9
ACB,20081003,21.4
ACB,20081002,21.6
ACB,20081001,21.1
ACB,20080930,20.8
ACB,20080929,22
ACB,20080926,22.9
ACB,20080925,22.2
ACB,20080924,21.5
ACB,20080923,21.8
ACB,20080922,21.5
ACB,20080919,20.6
ACB,20080918,19.3
ACB,20080917,20.4
ACB,20080916,22.3
ACB,20080915,23.4
ACB,20080912,21.8
ACB,20080911,23.2
ACB,20080910,23
ACB,20080909,23.2
ACB,20080908,23.7
ACB,20080905,24.9
ACB,20080904,26.3
ACB,20080903,25.9
ACB,20080829,25.1
ACB,20080828,24.7
ACB,20080827,25.5
ACB,20080826,25.4
ACB,20080825,23.9
ACB,20080822,22.6
ACB,20080821,22.3
ACB,20080820,20.4
ACB,20080819,21.5
ACB,20080818,20.6
ACB,20080815,19.3
ACB,20080814,18.6
ACB,20080813,18.1
ACB,20080812,17.4
ACB,20080811,16.8
ACB,20080808,16.3
ACB,20080807,15.5
ACB,20080806,15.6
ACB,20080805,15
ACB,20080804,15.6
ACB,20080801,16.1
ACB,20080731,16.5
ACB,20080730,16.6
ACB,20080729,16.1
ACB,20080728,16.2
ACB,20080725,15.6
ACB,20080724,15.8
ACB,20080723,16.5
ACB,20080722,17.2
ACB,20080721,17.5
ACB,20080718,17.6
ACB,20080717,18
ACB,20080716,17.5
ACB,20080715,16.8
ACB,20080714,16.2
ACB,20080711,15.6
ACB,20080710,15
ACB,20080709,14.6
ACB,20080708,14.3
ACB,20080707,14
ACB,20080704,14.3
ACB,20080703,13.8
ACB,20080702,13.3
ACB,20080701,12.9
ACB,20080630,12.6
ACB,20080627,12.5
ACB,20080626,12.3
ACB,20080625,11.9
ACB,20080624,11.5
ACB,20080623,11.5
ACB,20080620,11.1
ACB,20080619,11.6
ACB,20080618,11.5
ACB,20080617,11.9
ACB,20080616,11.5
ACB,20080613,11.2
ACB,20080612,10.9
ACB,20080611,10.7
ACB,20080610,10.5
ACB,20080609,10.7
ACB,20080606,11.1
ACB,20080605,11.4
ACB,20080604,11.7
ACB,20080603,12.1
ACB,20080602,12.4
ACB,20080530,12.9
ACB,20080529,13.1
ACB,20080528,13.1
ACB,20080527,13.4
ACB,20080526,13.8
ACB,20080523,14.2
ACB,20080522,14.7
ACB,20080521,15.1
ACB,20080520,15.6
ACB,20080519,16
ACB,20080516,16.4
ACB,20080515,16.9
ACB,20080514,17.4
ACB,20080513,17.9
ACB,20080512,18.5
ACB,20080509,19
ACB,20080508,19.6
ACB,20080507,20.2
ACB,20080506,20.8
ACB,20080505,21.4
ACB,20080429,21.8
ACB,20080428,22.1
ACB,20080425,21.7
ACB,20080424,21.2
ACB,20080423,21.6
ACB,20080422,22.3
ACB,20080421,22.9
ACB,20080418,23.6
ACB,20080417,24.4
ACB,20080416,23.9
ACB,20080411,24.6
ACB,20080410,25.4
ACB,20080409,26.1
ACB,20080408,26.7
ACB,20080407,27
ACB,20080404,26.2
ACB,20080403,25.7
ACB,20080402,25.2
ACB,20080401,24.7
ACB,20080331,24.3
ACB,20080328,23.8
ACB,20080327,23.3
ACB,20080326,23.5
ACB,20080325,21.3
ACB,20080324,23.1
ACB,20080321,25.5
ACB,20080320,25.3
ACB,20080319,25.7
ACB,20080318,24.8
ACB,20080317,26.9
ACB,20080314,28.6
ACB,20080313,28.7
ACB,20080312,28.1
ACB,20080311,27.4
ACB,20080310,29.4
ACB,20080307,28.5
ACB,20080306,26
ACB,20080305,23.6
ACB,20080304,24.4
ACB,20080303,26.8
ACB,20080229,27.9
ACB,20080228,28.1
ACB,20080227,27.9
ACB,20080226,28.1
ACB,20080225,29.7
ACB,20080222,28.6
ACB,20080221,28.5
ACB,20080220,31.3
ACB,20080219,32.7
ACB,20080218,33.1
ACB,20080215,34.6
ACB,20080214,35.1
ACB,20080213,34.7
ACB,20080212,35.1
ACB,20080201,36
ACB,20080131,35.8
ACB,20080130,36.2
ACB,20080129,34.3
ACB,20080128,33.8
ACB,20080125,33.4
ACB,20080124,33.1
ACB,20080123,33.4
ACB,20080122,33.9
ACB,20080121,34.4
ACB,20080118,34.9
ACB,20080117,34.2
ACB,20080116,35.1
ACB,20080115,32.3
ACB,20080114,33.7
ACB,20080111,34.8
ACB,20080110,35.1
ACB,20080109,35.1
ACB,20080108,35.6
ACB,20080107,35.2
ACB,20080104,36.5
ACB,20080103,36.8
ACB,20080102,38.1
ACB,20071228,43.1
ACB,20071227,43.4
ACB,20071226,44.1
ACB,20071225,44
ACB,20071224,44.6
ACB,20071221,43.9
ACB,20071220,43.4
ACB,20071219,44.4
ACB,20071218,43.1
ACB,20071217,43.1
ACB,20071214,43.2
ACB,20071213,43.3
ACB,20071212,43.8
ACB,20071211,44
ACB,20071210,44.7
ACB,20071207,45.8
ACB,20071206,46
ACB,20071205,46.3
ACB,20071204,46.6
ACB,20071203,46.4
ACB,20071130,46
ACB,20071129,46.2
ACB,20071128,45.9
ACB,20071127,46.1
ACB,20071126,46.8
ACB,20071123,45.8
ACB,20071122,45.5
ACB,20071121,44.5
ACB,20071120,44.3
ACB,20071119,44.5
ACB,20071116,44.4
ACB,20071115,44.4
ACB,20071114,44.7
ACB,20071113,39.7
ACB,20071112,43.1
ACB,20071109,44.9
ACB,20071108,45.6
ACB,20071107,45.9
ACB,20071106,45.6
ACB,20071105,46.5
ACB,20071102,48.1
ACB,20071101,49.9
ACB,20071031,48.6
ACB,20071030,44.4
ACB,20071029,44.1
ACB,20071026,43.9
ACB,20071025,43.2
ACB,20071024,43.2
ACB,20071023,42.8
ACB,20071022,44.1
ACB,20071019,44.4
ACB,20071018,43.6
ACB,20071017,44.1
ACB,20071016,44.9
ACB,20071015,45.2
ACB,20071012,45.1
ACB,20071011,45.2
ACB,20071010,45.5
ACB,20071009,45.3
ACB,20071008,43.5
ACB,20071005,42
ACB,20071004,42.6
ACB,20071003,43.2
ACB,20071002,43.1
ACB,20071001,43.7
ACB,20070928,40.5
ACB,20070927,38.5
ACB,20070926,38.5
ACB,20070925,39
ACB,20070924,38
ACB,20070921,35.4
ACB,20070920,36
ACB,20070919,37.3
ACB,20070918,35.4
ACB,20070917,32.9
ACB,20070914,31.8
ACB,20070913,31.5
ACB,20070912,31.4
ACB,20070911,31.4
ACB,20070910,31.4
ACB,20070907,31.4
ACB,20070906,31.5
ACB,20070905,31.6
ACB,20070904,32.1
ACB,20070831,31.3
ACB,20070830,31.1
ACB,20070829,31
ACB,20070828,30.9
ACB,20070827,31
ACB,20070824,31.1
ACB,20070823,30.7
ACB,20070822,30.7
ACB,20070821,30.6
ACB,20070820,30.6
ACB,20070817,30.8
ACB,20070816,31
ACB,20070815,31
ACB,20070814,30.8
ACB,20070813,30.9
ACB,20070810,31.1
ACB,20070809,31.3
ACB,20070808,30.7
ACB,20070807,30.5
ACB,20070806,30.4
ACB,20070803,30.7
ACB,20070802,31
ACB,20070801,31.4
ACB,20070731,30.3
ACB,20070730,30.6
ACB,20070727,31
ACB,20070726,31
ACB,20070725,31.3
ACB,20070724,31.7
ACB,20070723,32.1
ACB,20070720,32.2
ACB,20070719,32.4
ACB,20070718,32.6
ACB,20070717,32.6
ACB,20070716,32
ACB,20070713,33.4
ACB,20070712,32.7
ACB,20070711,33.8
ACB,20070710,33.6
ACB,20070709,31.5
ACB,20070706,31.6
ACB,20070705,31.4
ACB,20070704,31.7
ACB,20070703,29.4
ACB,20070702,30
ACB,20070629,33.2
ACB,20070628,35.1
ACB,20070627,35.8
ACB,20070626,35.9
ACB,20070625,36
ACB,20070622,36.9
ACB,20070621,36.8
ACB,20070620,38.4
ACB,20070619,39.3
ACB,20070618,39.5
ACB,20070615,38.9
ACB,20070614,37.3
ACB,20070613,36.2
ACB,20070612,37
ACB,20070611,38.4
ACB,20070608,40.2
ACB,20070607,40.9
ACB,20070606,41.5
ACB,20070605,41.1
ACB,20070604,42
ACB,20070601,42.8
ACB,20070531,42.4
ACB,20070530,42
ACB,20070529,43.2
ACB,20070528,43.6
ACB,20070525,44
ACB,20070524,44.2
ACB,20070523,44.2
ACB,20070522,44.1
ACB,20070521,44.1
ACB,20070518,44.1
ACB,20070517,44.2
ACB,20070516,43.9
ACB,20070515,44.4
ACB,20070514,44.1
ACB,20070511,44.4
ACB,20070510,43.7
ACB,20070509,44.4
ACB,20070508,44.4
ACB,20070507,43.7
ACB,20070504,43.2
ACB,20070503,44.1
ACB,20070502,45.6
ACB,20070425,47.9
ACB,20070424,43.9
ACB,20070423,44.4
ACB,20070420,48.9
ACB,20070419,50.3
ACB,20070418,52.5
ACB,20070417,49.3
ACB,20070416,49.9
ACB,20070413,53.8
ACB,20070412,52.4
ACB,20070411,54.4
ACB,20070410,54
ACB,20070409,51.7
ACB,20070406,51.5
ACB,20070405,50.1
ACB,20070404,50.9
ACB,20070403,48.5
ACB,20070402,49.5
ACB,20070330,50.5
ACB,20070329,51.9
ACB,20070328,51.3
ACB,20070327,46
ACB,20070326,48.5
ACB,20070323,53.2
ACB,20070322,54.4
ACB,20070321,54.6
ACB,20070320,54.6
ACB,20070319,59
ACB,20070316,56.6
ACB,20070315,53.6
ACB,20070314,51.5
ACB,20070313,54.4
ACB,20070312,55.7
ACB,20070309,57.4
ACB,20070308,57.6
ACB,20070307,57.7
ACB,20070306,56.4
ACB,20070305,52.5
ACB,20070302,49.3
ACB,20070301,49.9
ACB,20070228,50.1
ACB,20070227,50.9
ACB,20070226,47.2
ACB,20070215,43.4
ACB,20070214,42.2
ACB,20070213,40.2
ACB,20070212,39.4
ACB,20070209,39.4
ACB,20070208,39.4
ACB,20070207,39.8
ACB,20070206,39.1
ACB,20070205,38.9
ACB,20070202,39.3
ACB,20070201,39.4
ACB,20070131,39.9
ACB,20070130,39.6
ACB,20070129,38.4
ACB,20070126,38.6
ACB,20070125,39.2
ACB,20070124,40.8
ACB,20070123,39.2
ACB,20070122,37.2
ACB,20070119,35.9
ACB,20070118,34.2
ACB,20070117,32.9
ACB,20070116,33.2
ACB,20070115,32.9
ACB,20070112,32.7
ACB,20070111,32.3
ACB,20070110,32.1
ACB,20070109,31.5
ACB,20070108,31.8
ACB,20070105,31.9
ACB,20070104,31.3
ACB,20070103,30.3
ACB,20070102,29.9
ACB,20061229,30.3
ACB,20061228,30.8
ACB,20061227,29.7
ACB,20061226,28.6
ACB,20061225,28.3
ACB,20061222,27.9
ACB,20061221,29.1
ACB,20061220,29.2
ACB,20061219,29
ACB,20061218,29.2
ACB,20061215,28.9
ACB,20061214,28.4
ACB,20061213,28.2
ACB,20061212,28
ACB,20061211,29.1
ACB,20061208,28.5
ACB,20061207,27.1
ACB,20061206,24.7
ACB,20061205,24.7
ACB,20061204,25.6
ACB,20061201,26.4
ACB,20061130,26.5
ACB,20061129,27.8
ACB,20061128,28.9
ACB,20061127,29.6
ACB,20061124,29.6
ACB,20061123,27.9
ACB,20061122,27.2
ACB,20061121,26.3
